1.100000000000000089e+00
9.590169943749474735e-01
5.090169943749474069e-01
-5.901699437494734024e-02
-5.090169943749472958e-01
-6.500000000000000222e-01
-4.090169943749474291e-01
1.409830056250525043e-01
8.090169943749472292e-01
1.359016994374947274e+00
1.600000000000000089e+00
1.459016994374947584e+00
1.009016994374947851e+00
4.409830056250528818e-01
-9.016994374947184809e-03
-1.500000000000000222e-01
9.098300562505234890e-02
6.409830056250522823e-01
1.309016994374947007e+00
1.859016994374947274e+00
2.100000000000000089e+00
1.959016994374947807e+00
1.509016994374948073e+00
9.409830056250533259e-01
4.909830056250531483e-01
3.500000000000000888e-01
5.909830056250523489e-01
1.140983005625052060e+00
1.809016994374947007e+00
2.359016994374947274e+00
2.600000000000000089e+00
2.459016994374947807e+00
2.009016994374948517e+00
1.440983005625053437e+00
9.909830056250533703e-01
8.500000000000000888e-01
1.090983005625052238e+00
1.640983005625051838e+00
2.309016994374946563e+00
2.859016994374947274e+00
3.100000000000000089e+00
2.959016994374948251e+00
2.509016994374948517e+00
1.940983005625053659e+00
1.490983005625053481e+00
1.350000000000000089e+00
1.590983005625052238e+00
2.140983005625051838e+00
2.809016994374946563e+00
3.359016994374946830e+00
3.600000000000000089e+00
3.459016994374950471e+00
3.009016994374948961e+00
2.440983005625050772e+00
1.990983005625053703e+00
1.850000000000000089e+00
2.090983005625052016e+00
2.640983005625054947e+00
3.309016994374946563e+00
3.859016994374944609e+00
4.099999999999999645e+00
3.959016994374946474e+00
3.509016994374948961e+00
2.940983005625057878e+00
2.490983005625053703e+00
2.350000000000000089e+00
2.590983005625052016e+00
3.140983005625047841e+00
3.809016994374946119e+00
4.359016994374949050e+00
4.599999999999999645e+00
4.459016994374950471e+00
4.009016994374949405e+00
3.440983005625051216e+00
2.990983005625054147e+00
2.850000000000000089e+00
3.090983005625052016e+00
3.640983005625054503e+00
4.309016994374945675e+00
4.859016994374943721e+00
5.099999999999999645e+00
4.959016994374946030e+00
4.509016994374949405e+00
3.940983005625057878e+00
3.490983005625053703e+00
3.349999999999999645e+00
3.590983005625050684e+00
4.140983005625047397e+00
4.809016994374945675e+00
5.359016994374948162e+00
5.599999999999999645e+00
5.459016994374950471e+00
5.009016994374949405e+00
4.440983005625051661e+00
3.990983005625053703e+00
3.849999999999999645e+00
4.090983005625052016e+00
4.640983005625053615e+00
5.309016994374944787e+00
5.859016994374943721e+00
6.099999999999999645e+00
5.959016994374946918e+00
5.509016994374956511e+00
4.940983005625058766e+00
4.490983005625054147e+00
4.349999999999999645e+00
4.590983005625055569e+00
5.140983005625046509e+00
5.809016994374944787e+00
6.359016994374947274e+00
6.599999999999999645e+00
6.459016994374951359e+00
6.009016994374950293e+00
5.440983005625051661e+00
4.990983005625049707e+00
4.849999999999999645e+00
5.090983005625051128e+00
5.640983005625053615e+00
6.309016994374937681e+00
6.859016994374943721e+00
7.099999999999999645e+00
6.959016994374947807e+00
6.509016994374944076e+00
5.940983005625058766e+00
5.490983005625054147e+00
5.349999999999999645e+00
5.590983005625046687e+00
6.140983005625046509e+00
6.809016994374944787e+00
7.359016994374947274e+00
7.599999999999999645e+00
7.459016994374952247e+00
7.009016994374950293e+00
6.440983005625052549e+00
5.990983005625058588e+00
5.849999999999999645e+00
6.090983005625051128e+00
6.640983005625052726e+00
7.309016994374951004e+00
7.859016994374942833e+00
8.099999999999999645e+00
7.959016994374947807e+00
7.509016994374957399e+00
6.940983005625059654e+00
6.490983005625054147e+00
6.349999999999999645e+00
6.590983005625054680e+00
7.140983005625045621e+00
7.809016994374943899e+00
8.359016994374947274e+00
8.599999999999999645e+00
8.459016994374952247e+00
8.009016994374951182e+00
7.440983005625052549e+00
6.990983005625050595e+00
6.849999999999999645e+00
7.090983005625050239e+00
7.640983005625052726e+00
8.309016994374937681e+00
8.859016994374943721e+00
9.099999999999999645e+00
8.959016994374948695e+00
8.509016994374944076e+00
7.940983005625059654e+00
7.490983005625055924e+00
7.349999999999999645e+00
7.590983005625046687e+00
8.140983005625043845e+00
8.809016994374943010e+00
9.359016994374947274e+00
9.599999999999999645e+00
9.459016994374952247e+00
9.009016994374951182e+00
8.440983005625053437e+00
7.990983005625059477e+00
7.849999999999999645e+00
8.090983005625050239e+00
8.640983005625050950e+00
9.309016994374950116e+00
9.859016994374943721e+00
1.009999999999999964e+01
9.959016994374948695e+00
9.509016994374958287e+00
8.940983005625060542e+00
8.490983005625055924e+00
8.349999999999999645e+00
8.590983005625053792e+00
9.140983005625043845e+00
9.809016994374943010e+00
1.035901699437494727e+01
1.059999999999999964e+01
1.045901699437495225e+01
1.000901699437495296e+01
9.440983005625053437e+00
8.990983005625052371e+00
8.849999999999999645e+00
9.090983005625050239e+00
9.640983005625052726e+00
1.030901699437493590e+01
1.085901699437494372e+01
1.109999999999999964e+01
1.095901699437494869e+01
1.050901699437494585e+01
9.940983005625060542e+00
9.490983005625064806e+00
9.349999999999999645e+00
9.590983005625044910e+00
1.014098300562504562e+01
1.080901699437494301e+01
1.135901699437494727e+01
1.159999999999999964e+01
1.145901699437494514e+01
1.100901699437494052e+01
1.044098300562506765e+01
9.990983005625061253e+00
9.849999999999999645e+00
1.009098300562505024e+01
1.064098300562505273e+01
1.130901699437494834e+01
1.185901699437495083e+01
1.209999999999999964e+01
1.195901699437495758e+01
1.150901699437496006e+01
1.094098300562506054e+01
1.049098300562505592e+01
1.034999999999999964e+01
1.059098300562505379e+01
1.114098300562505806e+01
1.180901699437495544e+01
1.235901699437493839e+01
